{
 "cells": [
  {
   "cell_type": "markdown",
   "id": "70332e1d",
   "metadata": {},
   "source": [
    "# Logistic Regression"
   ]
  },
  {
   "cell_type": "markdown",
   "id": "17717005",
   "metadata": {},
   "source": [
    "Problem: Classify whether a person has 10 year coronary heart disease(TenYearCHD) based on certain attributes of the person.\n",
    "Data format: CSV file."
   ]
  },
  {
   "cell_type": "code",
   "execution_count": 1,
   "id": "c3635e42",
   "metadata": {},
   "outputs": [],
   "source": [
    "import numpy as np\n",
    "import pandas as pd\n",
    "import matplotlib.pyplot as plt"
   ]
  },
  {
   "cell_type": "code",
   "execution_count": 2,
   "id": "cad6635b",
   "metadata": {},
   "outputs": [],
   "source": [
    "df = pd.read_csv('project1_logreg.csv') \n"
   ]
  },
  {
   "cell_type": "code",
   "execution_count": 3,
   "id": "1bd7f089",
   "metadata": {},
   "outputs": [
    {
     "data": {
      "text/html": [
       "<div>\n",
       "<style scoped>\n",
       "    .dataframe tbody tr th:only-of-type {\n",
       "        vertical-align: middle;\n",
       "    }\n",
       "\n",
       "    .dataframe tbody tr th {\n",
       "        vertical-align: top;\n",
       "    }\n",
       "\n",
       "    .dataframe thead th {\n",
       "        text-align: right;\n",
       "    }\n",
       "</style>\n",
       "<table border=\"1\" class=\"dataframe\">\n",
       "  <thead>\n",
       "    <tr style=\"text-align: right;\">\n",
       "      <th></th>\n",
       "      <th>male</th>\n",
       "      <th>age</th>\n",
       "      <th>education</th>\n",
       "      <th>currentSmoker</th>\n",
       "      <th>cigsPerDay</th>\n",
       "      <th>BPMeds</th>\n",
       "      <th>prevalentStroke</th>\n",
       "      <th>prevalentHyp</th>\n",
       "      <th>diabetes</th>\n",
       "      <th>totChol</th>\n",
       "      <th>sysBP</th>\n",
       "      <th>diaBP</th>\n",
       "      <th>BMI</th>\n",
       "      <th>heartRate</th>\n",
       "      <th>glucose</th>\n",
       "      <th>TenYearCHD</th>\n",
       "    </tr>\n",
       "  </thead>\n",
       "  <tbody>\n",
       "    <tr>\n",
       "      <th>0</th>\n",
       "      <td>1</td>\n",
       "      <td>39</td>\n",
       "      <td>4.0</td>\n",
       "      <td>0</td>\n",
       "      <td>0.0</td>\n",
       "      <td>0.0</td>\n",
       "      <td>0</td>\n",
       "      <td>0</td>\n",
       "      <td>0</td>\n",
       "      <td>195.0</td>\n",
       "      <td>106.0</td>\n",
       "      <td>70.0</td>\n",
       "      <td>26.97</td>\n",
       "      <td>80.0</td>\n",
       "      <td>77.0</td>\n",
       "      <td>0</td>\n",
       "    </tr>\n",
       "    <tr>\n",
       "      <th>1</th>\n",
       "      <td>0</td>\n",
       "      <td>46</td>\n",
       "      <td>2.0</td>\n",
       "      <td>0</td>\n",
       "      <td>0.0</td>\n",
       "      <td>0.0</td>\n",
       "      <td>0</td>\n",
       "      <td>0</td>\n",
       "      <td>0</td>\n",
       "      <td>250.0</td>\n",
       "      <td>121.0</td>\n",
       "      <td>81.0</td>\n",
       "      <td>28.73</td>\n",
       "      <td>95.0</td>\n",
       "      <td>76.0</td>\n",
       "      <td>0</td>\n",
       "    </tr>\n",
       "    <tr>\n",
       "      <th>2</th>\n",
       "      <td>1</td>\n",
       "      <td>48</td>\n",
       "      <td>1.0</td>\n",
       "      <td>1</td>\n",
       "      <td>20.0</td>\n",
       "      <td>0.0</td>\n",
       "      <td>0</td>\n",
       "      <td>0</td>\n",
       "      <td>0</td>\n",
       "      <td>245.0</td>\n",
       "      <td>127.5</td>\n",
       "      <td>80.0</td>\n",
       "      <td>25.34</td>\n",
       "      <td>75.0</td>\n",
       "      <td>70.0</td>\n",
       "      <td>0</td>\n",
       "    </tr>\n",
       "    <tr>\n",
       "      <th>3</th>\n",
       "      <td>0</td>\n",
       "      <td>61</td>\n",
       "      <td>3.0</td>\n",
       "      <td>1</td>\n",
       "      <td>30.0</td>\n",
       "      <td>0.0</td>\n",
       "      <td>0</td>\n",
       "      <td>1</td>\n",
       "      <td>0</td>\n",
       "      <td>225.0</td>\n",
       "      <td>150.0</td>\n",
       "      <td>95.0</td>\n",
       "      <td>28.58</td>\n",
       "      <td>65.0</td>\n",
       "      <td>103.0</td>\n",
       "      <td>1</td>\n",
       "    </tr>\n",
       "    <tr>\n",
       "      <th>4</th>\n",
       "      <td>0</td>\n",
       "      <td>46</td>\n",
       "      <td>3.0</td>\n",
       "      <td>1</td>\n",
       "      <td>23.0</td>\n",
       "      <td>0.0</td>\n",
       "      <td>0</td>\n",
       "      <td>0</td>\n",
       "      <td>0</td>\n",
       "      <td>285.0</td>\n",
       "      <td>130.0</td>\n",
       "      <td>84.0</td>\n",
       "      <td>23.10</td>\n",
       "      <td>85.0</td>\n",
       "      <td>85.0</td>\n",
       "      <td>0</td>\n",
       "    </tr>\n",
       "    <tr>\n",
       "      <th>5</th>\n",
       "      <td>0</td>\n",
       "      <td>43</td>\n",
       "      <td>2.0</td>\n",
       "      <td>0</td>\n",
       "      <td>0.0</td>\n",
       "      <td>0.0</td>\n",
       "      <td>0</td>\n",
       "      <td>1</td>\n",
       "      <td>0</td>\n",
       "      <td>228.0</td>\n",
       "      <td>180.0</td>\n",
       "      <td>110.0</td>\n",
       "      <td>30.30</td>\n",
       "      <td>77.0</td>\n",
       "      <td>99.0</td>\n",
       "      <td>0</td>\n",
       "    </tr>\n",
       "    <tr>\n",
       "      <th>6</th>\n",
       "      <td>0</td>\n",
       "      <td>63</td>\n",
       "      <td>1.0</td>\n",
       "      <td>0</td>\n",
       "      <td>0.0</td>\n",
       "      <td>0.0</td>\n",
       "      <td>0</td>\n",
       "      <td>0</td>\n",
       "      <td>0</td>\n",
       "      <td>205.0</td>\n",
       "      <td>138.0</td>\n",
       "      <td>71.0</td>\n",
       "      <td>33.11</td>\n",
       "      <td>60.0</td>\n",
       "      <td>85.0</td>\n",
       "      <td>1</td>\n",
       "    </tr>\n",
       "    <tr>\n",
       "      <th>7</th>\n",
       "      <td>0</td>\n",
       "      <td>45</td>\n",
       "      <td>2.0</td>\n",
       "      <td>1</td>\n",
       "      <td>20.0</td>\n",
       "      <td>0.0</td>\n",
       "      <td>0</td>\n",
       "      <td>0</td>\n",
       "      <td>0</td>\n",
       "      <td>313.0</td>\n",
       "      <td>100.0</td>\n",
       "      <td>71.0</td>\n",
       "      <td>21.68</td>\n",
       "      <td>79.0</td>\n",
       "      <td>78.0</td>\n",
       "      <td>0</td>\n",
       "    </tr>\n",
       "    <tr>\n",
       "      <th>8</th>\n",
       "      <td>1</td>\n",
       "      <td>52</td>\n",
       "      <td>1.0</td>\n",
       "      <td>0</td>\n",
       "      <td>0.0</td>\n",
       "      <td>0.0</td>\n",
       "      <td>0</td>\n",
       "      <td>1</td>\n",
       "      <td>0</td>\n",
       "      <td>260.0</td>\n",
       "      <td>141.5</td>\n",
       "      <td>89.0</td>\n",
       "      <td>26.36</td>\n",
       "      <td>76.0</td>\n",
       "      <td>79.0</td>\n",
       "      <td>0</td>\n",
       "    </tr>\n",
       "    <tr>\n",
       "      <th>9</th>\n",
       "      <td>1</td>\n",
       "      <td>43</td>\n",
       "      <td>1.0</td>\n",
       "      <td>1</td>\n",
       "      <td>30.0</td>\n",
       "      <td>0.0</td>\n",
       "      <td>0</td>\n",
       "      <td>1</td>\n",
       "      <td>0</td>\n",
       "      <td>225.0</td>\n",
       "      <td>162.0</td>\n",
       "      <td>107.0</td>\n",
       "      <td>23.61</td>\n",
       "      <td>93.0</td>\n",
       "      <td>88.0</td>\n",
       "      <td>0</td>\n",
       "    </tr>\n",
       "  </tbody>\n",
       "</table>\n",
       "</div>"
      ],
      "text/plain": [
       "   male  age  education  currentSmoker  cigsPerDay  BPMeds  prevalentStroke  \\\n",
       "0     1   39        4.0              0         0.0     0.0                0   \n",
       "1     0   46        2.0              0         0.0     0.0                0   \n",
       "2     1   48        1.0              1        20.0     0.0                0   \n",
       "3     0   61        3.0              1        30.0     0.0                0   \n",
       "4     0   46        3.0              1        23.0     0.0                0   \n",
       "5     0   43        2.0              0         0.0     0.0                0   \n",
       "6     0   63        1.0              0         0.0     0.0                0   \n",
       "7     0   45        2.0              1        20.0     0.0                0   \n",
       "8     1   52        1.0              0         0.0     0.0                0   \n",
       "9     1   43        1.0              1        30.0     0.0                0   \n",
       "\n",
       "   prevalentHyp  diabetes  totChol  sysBP  diaBP    BMI  heartRate  glucose  \\\n",
       "0             0         0    195.0  106.0   70.0  26.97       80.0     77.0   \n",
       "1             0         0    250.0  121.0   81.0  28.73       95.0     76.0   \n",
       "2             0         0    245.0  127.5   80.0  25.34       75.0     70.0   \n",
       "3             1         0    225.0  150.0   95.0  28.58       65.0    103.0   \n",
       "4             0         0    285.0  130.0   84.0  23.10       85.0     85.0   \n",
       "5             1         0    228.0  180.0  110.0  30.30       77.0     99.0   \n",
       "6             0         0    205.0  138.0   71.0  33.11       60.0     85.0   \n",
       "7             0         0    313.0  100.0   71.0  21.68       79.0     78.0   \n",
       "8             1         0    260.0  141.5   89.0  26.36       76.0     79.0   \n",
       "9             1         0    225.0  162.0  107.0  23.61       93.0     88.0   \n",
       "\n",
       "   TenYearCHD  \n",
       "0           0  \n",
       "1           0  \n",
       "2           0  \n",
       "3           1  \n",
       "4           0  \n",
       "5           0  \n",
       "6           1  \n",
       "7           0  \n",
       "8           0  \n",
       "9           0  "
      ]
     },
     "execution_count": 3,
     "metadata": {},
     "output_type": "execute_result"
    }
   ],
   "source": [
    "# display the first 5 rows of the dataframe\n",
    "df.head(10)"
   ]
  },
  {
   "cell_type": "markdown",
   "id": "963a3bc7",
   "metadata": {},
   "source": [
    "Observe if there is any missing data in the imported dataset"
   ]
  },
  {
   "cell_type": "code",
   "execution_count": 4,
   "id": "7fb3a708",
   "metadata": {},
   "outputs": [
    {
     "name": "stdout",
     "output_type": "stream",
     "text": [
      "                 Total_non_missing  missing_count  missing_percentage\n",
      "male                          3811              0            0.000000\n",
      "age                           3811              0            0.000000\n",
      "education                     3715             96            2.519024\n",
      "currentSmoker                 3811              0            0.000000\n",
      "cigsPerDay                    3785             26            0.682236\n",
      "BPMeds                        3763             48            1.259512\n",
      "prevalentStroke               3811              0            0.000000\n",
      "prevalentHyp                  3811              0            0.000000\n",
      "diabetes                      3811              0            0.000000\n",
      "totChol                       3765             46            1.207032\n",
      "sysBP                         3811              0            0.000000\n",
      "diaBP                         3811              0            0.000000\n",
      "BMI                           3792             19            0.498557\n",
      "heartRate                     3810              1            0.026240\n",
      "glucose                       3454            357            9.367620\n",
      "TenYearCHD                    3811              0            0.000000\n"
     ]
    }
   ],
   "source": [
    "\n",
    "def missing_summary(df):\n",
    "    # count the values in a column ignoring na i.e. not available values\n",
    "    # count the number of missing values in a dataframe\n",
    "    missing_summary = pd.DataFrame({'Total_non_missing':df.count(axis=0), 'missing_count': df.isna().sum(), \n",
    "                                    'missing_percentage': (df.isna().sum()/df.shape[0]*100) })\n",
    "    print(missing_summary)\n",
    "\n",
    "missing_summary(df)"
   ]
  },
  {
   "cell_type": "markdown",
   "id": "6128fd74",
   "metadata": {},
   "source": [
    "From the output of the last cell, we can see that total number of rows or patient data is 3811 and out of that education, cigsPerDay, BPMeds, totChol, BMI, heartRate, glucose columns have missing values. Hence, we have to decide whether to remove these rows with missing values or replace them with some other suitable value."
   ]
  },
  {
   "cell_type": "code",
   "execution_count": 5,
   "id": "23a789f4",
   "metadata": {},
   "outputs": [
    {
     "data": {
      "text/plain": [
       "0.15087903437418002"
      ]
     },
     "execution_count": 5,
     "metadata": {},
     "output_type": "execute_result"
    }
   ],
   "source": [
    "# Check if the dataset is imbalanced or not\n",
    "df['TenYearCHD'].sum() / df['TenYearCHD'].count()"
   ]
  },
  {
   "cell_type": "markdown",
   "id": "7a1515d4",
   "metadata": {},
   "source": [
    "Let's first visualize the correlation between the features or columns."
   ]
  },
  {
   "cell_type": "code",
   "execution_count": 6,
   "id": "12b5887b",
   "metadata": {},
   "outputs": [
    {
     "data": {
      "text/html": [
       "<div>\n",
       "<style scoped>\n",
       "    .dataframe tbody tr th:only-of-type {\n",
       "        vertical-align: middle;\n",
       "    }\n",
       "\n",
       "    .dataframe tbody tr th {\n",
       "        vertical-align: top;\n",
       "    }\n",
       "\n",
       "    .dataframe thead th {\n",
       "        text-align: right;\n",
       "    }\n",
       "</style>\n",
       "<table border=\"1\" class=\"dataframe\">\n",
       "  <thead>\n",
       "    <tr style=\"text-align: right;\">\n",
       "      <th></th>\n",
       "      <th>male</th>\n",
       "      <th>age</th>\n",
       "      <th>education</th>\n",
       "      <th>currentSmoker</th>\n",
       "      <th>cigsPerDay</th>\n",
       "      <th>BPMeds</th>\n",
       "      <th>prevalentStroke</th>\n",
       "      <th>prevalentHyp</th>\n",
       "      <th>diabetes</th>\n",
       "      <th>totChol</th>\n",
       "      <th>sysBP</th>\n",
       "      <th>diaBP</th>\n",
       "      <th>BMI</th>\n",
       "      <th>heartRate</th>\n",
       "      <th>glucose</th>\n",
       "      <th>TenYearCHD</th>\n",
       "    </tr>\n",
       "  </thead>\n",
       "  <tbody>\n",
       "    <tr>\n",
       "      <th>male</th>\n",
       "      <td>1.000000</td>\n",
       "      <td>-0.035955</td>\n",
       "      <td>0.016031</td>\n",
       "      <td>0.194111</td>\n",
       "      <td>0.316957</td>\n",
       "      <td>-0.049542</td>\n",
       "      <td>0.004582</td>\n",
       "      <td>0.009341</td>\n",
       "      <td>0.017003</td>\n",
       "      <td>-0.074680</td>\n",
       "      <td>-0.035442</td>\n",
       "      <td>0.062985</td>\n",
       "      <td>0.095618</td>\n",
       "      <td>-0.120474</td>\n",
       "      <td>0.011820</td>\n",
       "      <td>0.084129</td>\n",
       "    </tr>\n",
       "    <tr>\n",
       "      <th>age</th>\n",
       "      <td>-0.035955</td>\n",
       "      <td>1.000000</td>\n",
       "      <td>-0.165067</td>\n",
       "      <td>-0.213213</td>\n",
       "      <td>-0.192247</td>\n",
       "      <td>0.110677</td>\n",
       "      <td>0.058171</td>\n",
       "      <td>0.299387</td>\n",
       "      <td>0.095987</td>\n",
       "      <td>0.253143</td>\n",
       "      <td>0.389532</td>\n",
       "      <td>0.200813</td>\n",
       "      <td>0.130109</td>\n",
       "      <td>-0.015174</td>\n",
       "      <td>0.121913</td>\n",
       "      <td>0.218817</td>\n",
       "    </tr>\n",
       "    <tr>\n",
       "      <th>education</th>\n",
       "      <td>0.016031</td>\n",
       "      <td>-0.165067</td>\n",
       "      <td>1.000000</td>\n",
       "      <td>0.013717</td>\n",
       "      <td>0.001560</td>\n",
       "      <td>-0.005717</td>\n",
       "      <td>-0.032586</td>\n",
       "      <td>-0.079163</td>\n",
       "      <td>-0.030564</td>\n",
       "      <td>-0.010388</td>\n",
       "      <td>-0.132398</td>\n",
       "      <td>-0.064224</td>\n",
       "      <td>-0.130706</td>\n",
       "      <td>-0.054072</td>\n",
       "      <td>-0.034818</td>\n",
       "      <td>-0.054787</td>\n",
       "    </tr>\n",
       "    <tr>\n",
       "      <th>currentSmoker</th>\n",
       "      <td>0.194111</td>\n",
       "      <td>-0.213213</td>\n",
       "      <td>0.013717</td>\n",
       "      <td>1.000000</td>\n",
       "      <td>0.767087</td>\n",
       "      <td>-0.052060</td>\n",
       "      <td>-0.034416</td>\n",
       "      <td>-0.095141</td>\n",
       "      <td>-0.040576</td>\n",
       "      <td>-0.047742</td>\n",
       "      <td>-0.123277</td>\n",
       "      <td>-0.101521</td>\n",
       "      <td>-0.160534</td>\n",
       "      <td>0.066863</td>\n",
       "      <td>-0.055146</td>\n",
       "      <td>0.021010</td>\n",
       "    </tr>\n",
       "    <tr>\n",
       "      <th>cigsPerDay</th>\n",
       "      <td>0.316957</td>\n",
       "      <td>-0.192247</td>\n",
       "      <td>0.001560</td>\n",
       "      <td>0.767087</td>\n",
       "      <td>1.000000</td>\n",
       "      <td>-0.042276</td>\n",
       "      <td>-0.030465</td>\n",
       "      <td>-0.055856</td>\n",
       "      <td>-0.032009</td>\n",
       "      <td>-0.027182</td>\n",
       "      <td>-0.080235</td>\n",
       "      <td>-0.048916</td>\n",
       "      <td>-0.078866</td>\n",
       "      <td>0.075164</td>\n",
       "      <td>-0.057391</td>\n",
       "      <td>0.060444</td>\n",
       "    </tr>\n",
       "    <tr>\n",
       "      <th>BPMeds</th>\n",
       "      <td>-0.049542</td>\n",
       "      <td>0.110677</td>\n",
       "      <td>-0.005717</td>\n",
       "      <td>-0.052060</td>\n",
       "      <td>-0.042276</td>\n",
       "      <td>1.000000</td>\n",
       "      <td>0.093413</td>\n",
       "      <td>0.259047</td>\n",
       "      <td>0.045559</td>\n",
       "      <td>0.067369</td>\n",
       "      <td>0.244599</td>\n",
       "      <td>0.187192</td>\n",
       "      <td>0.088942</td>\n",
       "      <td>0.005079</td>\n",
       "      <td>0.027748</td>\n",
       "      <td>0.082846</td>\n",
       "    </tr>\n",
       "    <tr>\n",
       "      <th>prevalentStroke</th>\n",
       "      <td>0.004582</td>\n",
       "      <td>0.058171</td>\n",
       "      <td>-0.032586</td>\n",
       "      <td>-0.034416</td>\n",
       "      <td>-0.030465</td>\n",
       "      <td>0.093413</td>\n",
       "      <td>1.000000</td>\n",
       "      <td>0.068892</td>\n",
       "      <td>0.010581</td>\n",
       "      <td>-0.001028</td>\n",
       "      <td>0.050079</td>\n",
       "      <td>0.035070</td>\n",
       "      <td>-0.007501</td>\n",
       "      <td>-0.019843</td>\n",
       "      <td>0.021416</td>\n",
       "      <td>0.064647</td>\n",
       "    </tr>\n",
       "    <tr>\n",
       "      <th>prevalentHyp</th>\n",
       "      <td>0.009341</td>\n",
       "      <td>0.299387</td>\n",
       "      <td>-0.079163</td>\n",
       "      <td>-0.095141</td>\n",
       "      <td>-0.055856</td>\n",
       "      <td>0.259047</td>\n",
       "      <td>0.068892</td>\n",
       "      <td>1.000000</td>\n",
       "      <td>0.061167</td>\n",
       "      <td>0.154709</td>\n",
       "      <td>0.694848</td>\n",
       "      <td>0.613725</td>\n",
       "      <td>0.291375</td>\n",
       "      <td>0.146511</td>\n",
       "      <td>0.069038</td>\n",
       "      <td>0.182569</td>\n",
       "    </tr>\n",
       "    <tr>\n",
       "      <th>diabetes</th>\n",
       "      <td>0.017003</td>\n",
       "      <td>0.095987</td>\n",
       "      <td>-0.030564</td>\n",
       "      <td>-0.040576</td>\n",
       "      <td>-0.032009</td>\n",
       "      <td>0.045559</td>\n",
       "      <td>0.010581</td>\n",
       "      <td>0.061167</td>\n",
       "      <td>1.000000</td>\n",
       "      <td>0.032183</td>\n",
       "      <td>0.096804</td>\n",
       "      <td>0.039565</td>\n",
       "      <td>0.072988</td>\n",
       "      <td>0.043050</td>\n",
       "      <td>0.583256</td>\n",
       "      <td>0.096095</td>\n",
       "    </tr>\n",
       "    <tr>\n",
       "      <th>totChol</th>\n",
       "      <td>-0.074680</td>\n",
       "      <td>0.253143</td>\n",
       "      <td>-0.010388</td>\n",
       "      <td>-0.047742</td>\n",
       "      <td>-0.027182</td>\n",
       "      <td>0.067369</td>\n",
       "      <td>-0.001028</td>\n",
       "      <td>0.154709</td>\n",
       "      <td>0.032183</td>\n",
       "      <td>1.000000</td>\n",
       "      <td>0.199153</td>\n",
       "      <td>0.157664</td>\n",
       "      <td>0.103881</td>\n",
       "      <td>0.096274</td>\n",
       "      <td>0.035780</td>\n",
       "      <td>0.076577</td>\n",
       "    </tr>\n",
       "    <tr>\n",
       "      <th>sysBP</th>\n",
       "      <td>-0.035442</td>\n",
       "      <td>0.389532</td>\n",
       "      <td>-0.132398</td>\n",
       "      <td>-0.123277</td>\n",
       "      <td>-0.080235</td>\n",
       "      <td>0.244599</td>\n",
       "      <td>0.050079</td>\n",
       "      <td>0.694848</td>\n",
       "      <td>0.096804</td>\n",
       "      <td>0.199153</td>\n",
       "      <td>1.000000</td>\n",
       "      <td>0.779857</td>\n",
       "      <td>0.318314</td>\n",
       "      <td>0.178619</td>\n",
       "      <td>0.121951</td>\n",
       "      <td>0.219525</td>\n",
       "    </tr>\n",
       "    <tr>\n",
       "      <th>diaBP</th>\n",
       "      <td>0.062985</td>\n",
       "      <td>0.200813</td>\n",
       "      <td>-0.064224</td>\n",
       "      <td>-0.101521</td>\n",
       "      <td>-0.048916</td>\n",
       "      <td>0.187192</td>\n",
       "      <td>0.035070</td>\n",
       "      <td>0.613725</td>\n",
       "      <td>0.039565</td>\n",
       "      <td>0.157664</td>\n",
       "      <td>0.779857</td>\n",
       "      <td>1.000000</td>\n",
       "      <td>0.371889</td>\n",
       "      <td>0.174700</td>\n",
       "      <td>0.046207</td>\n",
       "      <td>0.145256</td>\n",
       "    </tr>\n",
       "    <tr>\n",
       "      <th>BMI</th>\n",
       "      <td>0.095618</td>\n",
       "      <td>0.130109</td>\n",
       "      <td>-0.130706</td>\n",
       "      <td>-0.160534</td>\n",
       "      <td>-0.078866</td>\n",
       "      <td>0.088942</td>\n",
       "      <td>-0.007501</td>\n",
       "      <td>0.291375</td>\n",
       "      <td>0.072988</td>\n",
       "      <td>0.103881</td>\n",
       "      <td>0.318314</td>\n",
       "      <td>0.371889</td>\n",
       "      <td>1.000000</td>\n",
       "      <td>0.068027</td>\n",
       "      <td>0.072417</td>\n",
       "      <td>0.084676</td>\n",
       "    </tr>\n",
       "    <tr>\n",
       "      <th>heartRate</th>\n",
       "      <td>-0.120474</td>\n",
       "      <td>-0.015174</td>\n",
       "      <td>-0.054072</td>\n",
       "      <td>0.066863</td>\n",
       "      <td>0.075164</td>\n",
       "      <td>0.005079</td>\n",
       "      <td>-0.019843</td>\n",
       "      <td>0.146511</td>\n",
       "      <td>0.043050</td>\n",
       "      <td>0.096274</td>\n",
       "      <td>0.178619</td>\n",
       "      <td>0.174700</td>\n",
       "      <td>0.068027</td>\n",
       "      <td>1.000000</td>\n",
       "      <td>0.081974</td>\n",
       "      <td>0.021424</td>\n",
       "    </tr>\n",
       "    <tr>\n",
       "      <th>glucose</th>\n",
       "      <td>0.011820</td>\n",
       "      <td>0.121913</td>\n",
       "      <td>-0.034818</td>\n",
       "      <td>-0.055146</td>\n",
       "      <td>-0.057391</td>\n",
       "      <td>0.027748</td>\n",
       "      <td>0.021416</td>\n",
       "      <td>0.069038</td>\n",
       "      <td>0.583256</td>\n",
       "      <td>0.035780</td>\n",
       "      <td>0.121951</td>\n",
       "      <td>0.046207</td>\n",
       "      <td>0.072417</td>\n",
       "      <td>0.081974</td>\n",
       "      <td>1.000000</td>\n",
       "      <td>0.128340</td>\n",
       "    </tr>\n",
       "    <tr>\n",
       "      <th>TenYearCHD</th>\n",
       "      <td>0.084129</td>\n",
       "      <td>0.218817</td>\n",
       "      <td>-0.054787</td>\n",
       "      <td>0.021010</td>\n",
       "      <td>0.060444</td>\n",
       "      <td>0.082846</td>\n",
       "      <td>0.064647</td>\n",
       "      <td>0.182569</td>\n",
       "      <td>0.096095</td>\n",
       "      <td>0.076577</td>\n",
       "      <td>0.219525</td>\n",
       "      <td>0.145256</td>\n",
       "      <td>0.084676</td>\n",
       "      <td>0.021424</td>\n",
       "      <td>0.128340</td>\n",
       "      <td>1.000000</td>\n",
       "    </tr>\n",
       "  </tbody>\n",
       "</table>\n",
       "</div>"
      ],
      "text/plain": [
       "                     male       age  education  currentSmoker  cigsPerDay  \\\n",
       "male             1.000000 -0.035955   0.016031       0.194111    0.316957   \n",
       "age             -0.035955  1.000000  -0.165067      -0.213213   -0.192247   \n",
       "education        0.016031 -0.165067   1.000000       0.013717    0.001560   \n",
       "currentSmoker    0.194111 -0.213213   0.013717       1.000000    0.767087   \n",
       "cigsPerDay       0.316957 -0.192247   0.001560       0.767087    1.000000   \n",
       "BPMeds          -0.049542  0.110677  -0.005717      -0.052060   -0.042276   \n",
       "prevalentStroke  0.004582  0.058171  -0.032586      -0.034416   -0.030465   \n",
       "prevalentHyp     0.009341  0.299387  -0.079163      -0.095141   -0.055856   \n",
       "diabetes         0.017003  0.095987  -0.030564      -0.040576   -0.032009   \n",
       "totChol         -0.074680  0.253143  -0.010388      -0.047742   -0.027182   \n",
       "sysBP           -0.035442  0.389532  -0.132398      -0.123277   -0.080235   \n",
       "diaBP            0.062985  0.200813  -0.064224      -0.101521   -0.048916   \n",
       "BMI              0.095618  0.130109  -0.130706      -0.160534   -0.078866   \n",
       "heartRate       -0.120474 -0.015174  -0.054072       0.066863    0.075164   \n",
       "glucose          0.011820  0.121913  -0.034818      -0.055146   -0.057391   \n",
       "TenYearCHD       0.084129  0.218817  -0.054787       0.021010    0.060444   \n",
       "\n",
       "                   BPMeds  prevalentStroke  prevalentHyp  diabetes   totChol  \\\n",
       "male            -0.049542         0.004582      0.009341  0.017003 -0.074680   \n",
       "age              0.110677         0.058171      0.299387  0.095987  0.253143   \n",
       "education       -0.005717        -0.032586     -0.079163 -0.030564 -0.010388   \n",
       "currentSmoker   -0.052060        -0.034416     -0.095141 -0.040576 -0.047742   \n",
       "cigsPerDay      -0.042276        -0.030465     -0.055856 -0.032009 -0.027182   \n",
       "BPMeds           1.000000         0.093413      0.259047  0.045559  0.067369   \n",
       "prevalentStroke  0.093413         1.000000      0.068892  0.010581 -0.001028   \n",
       "prevalentHyp     0.259047         0.068892      1.000000  0.061167  0.154709   \n",
       "diabetes         0.045559         0.010581      0.061167  1.000000  0.032183   \n",
       "totChol          0.067369        -0.001028      0.154709  0.032183  1.000000   \n",
       "sysBP            0.244599         0.050079      0.694848  0.096804  0.199153   \n",
       "diaBP            0.187192         0.035070      0.613725  0.039565  0.157664   \n",
       "BMI              0.088942        -0.007501      0.291375  0.072988  0.103881   \n",
       "heartRate        0.005079        -0.019843      0.146511  0.043050  0.096274   \n",
       "glucose          0.027748         0.021416      0.069038  0.583256  0.035780   \n",
       "TenYearCHD       0.082846         0.064647      0.182569  0.096095  0.076577   \n",
       "\n",
       "                    sysBP     diaBP       BMI  heartRate   glucose  TenYearCHD  \n",
       "male            -0.035442  0.062985  0.095618  -0.120474  0.011820    0.084129  \n",
       "age              0.389532  0.200813  0.130109  -0.015174  0.121913    0.218817  \n",
       "education       -0.132398 -0.064224 -0.130706  -0.054072 -0.034818   -0.054787  \n",
       "currentSmoker   -0.123277 -0.101521 -0.160534   0.066863 -0.055146    0.021010  \n",
       "cigsPerDay      -0.080235 -0.048916 -0.078866   0.075164 -0.057391    0.060444  \n",
       "BPMeds           0.244599  0.187192  0.088942   0.005079  0.027748    0.082846  \n",
       "prevalentStroke  0.050079  0.035070 -0.007501  -0.019843  0.021416    0.064647  \n",
       "prevalentHyp     0.694848  0.613725  0.291375   0.146511  0.069038    0.182569  \n",
       "diabetes         0.096804  0.039565  0.072988   0.043050  0.583256    0.096095  \n",
       "totChol          0.199153  0.157664  0.103881   0.096274  0.035780    0.076577  \n",
       "sysBP            1.000000  0.779857  0.318314   0.178619  0.121951    0.219525  \n",
       "diaBP            0.779857  1.000000  0.371889   0.174700  0.046207    0.145256  \n",
       "BMI              0.318314  0.371889  1.000000   0.068027  0.072417    0.084676  \n",
       "heartRate        0.178619  0.174700  0.068027   1.000000  0.081974    0.021424  \n",
       "glucose          0.121951  0.046207  0.072417   0.081974  1.000000    0.128340  \n",
       "TenYearCHD       0.219525  0.145256  0.084676   0.021424  0.128340    1.000000  "
      ]
     },
     "execution_count": 6,
     "metadata": {},
     "output_type": "execute_result"
    }
   ],
   "source": [
    "df.corr()"
   ]
  },
  {
   "cell_type": "code",
   "execution_count": 7,
   "id": "cf47b111",
   "metadata": {},
   "outputs": [
    {
     "data": {
